           1   5.8593750000000000        2.9241970560930697E-012
           2   9.7656250000000000        2.8947963774283273E-012
           3   13.671875000000000        2.8736577705747271E-012
           4   17.578125000000000        2.8526734015386793E-012
           5   21.484375000000000        2.8318422355635595E-012
           6   25.390625000000000        2.8111630968617580E-012
           7   29.296875000000000        2.7906350754022520E-012
           8   33.203125000000000        2.7625654260048910E-012
           9   37.109375000000000        2.7500269709284397E-012
          10   41.015625000000000        2.7299465402071086E-012
          11   44.921875000000000        2.7100110566224478E-012
          12   48.828125000000000        2.6902216499046508E-012
          13   52.734375000000000        2.6705765465784843E-012
          14   56.640625000000000        2.6510750767467660E-012
          15   60.546875000000000        2.6317160356110076E-012
          16   64.453125000000000        2.6124983591919483E-012
          17   68.359375000000000        2.5934102717199180E-012
          18   72.265625000000000        2.5816397574657547E-012
          19   76.171875000000000        2.5556834079438272E-012
          20   80.078125000000000        2.5370208380607619E-012
          21   83.984375000000000        2.5184957246843771E-012
          22   87.890625000000000        2.5001069909181593E-012
          23   91.796875000000000        2.4818503426227034E-012
          24   95.703125000000000        2.4637274998042880E-012
          25   99.609375000000000        2.4389452562142302E-012
          26   103.51562500000000        2.4278568609806226E-012
          27   107.42187500000000        2.4101472375739319E-012
          28   111.32812500000000        2.3925476556055508E-012
          29   115.23437500000000        2.3750766495327937E-012
          30   119.14062500000000        2.3577330947076650E-012
          31   123.04687500000000        2.3405158101544779E-012
          32   126.95312500000000        2.3234245447279636E-012
          33   130.85937500000000        2.3064583098347935E-012
          34   134.76562500000000        2.2896337425784802E-012
          35   138.67187500000000        2.2792148123284710E-012
          36   142.57812500000000        2.2562986168378070E-012
          37   146.48437500000000        2.2398225111009394E-012
          38   150.39062500000000        2.2234665928806609E-012
          39   154.29687500000000        2.2072300616249573E-012
          40   158.20312500000000        2.1911121704625274E-012
          41   162.10937500000000        2.1751119425526247E-012
          42   166.01562500000000        2.1532332227677901E-012
          43   169.92187500000000        2.1434831620372174E-012
          44   173.82812500000000        2.1278084001316105E-012
          45   177.73437500000000        2.1122710987031509E-012
          46   181.64062500000000        2.0968465544594485E-012
          47   185.54687500000000        2.0815341664835668E-012
          48   189.45312500000000        2.0663334586900498E-012
          49   193.35937500000000        2.0512450846177560E-012
          50   197.26562500000000        2.0362662073415866E-012
          51   201.17187500000000        2.0214235917262464E-012
          52   205.07812500000000        2.0122132409608459E-012
          53   208.98437500000000        1.9919831591053719E-012
          54   212.89062500000000        1.9774361981697489E-012
          55   216.79687500000000        1.9629970020596316E-012
          56   220.70312500000000        1.9486620969340844E-012
          57   224.60937500000000        1.9344326796506620E-012
          58   228.51562500000000        1.9203068637611117E-012
          59   232.42187500000000        1.9009908716455294E-012
          60   236.32812500000000        1.8923429778621601E-012
          61   240.23437500000000        1.8785449731993783E-012
          62   244.14062500000000        1.8648271686865369E-012
           1   5.8593750000000000        2.9241970560930697E-012
           2   9.7656250000000000        2.8947963774283273E-012
           3   13.671875000000000        2.8736577705747271E-012
           4   17.578125000000000        2.8526734015386793E-012
           5   21.484375000000000        2.8318422355635595E-012
           6   25.390625000000000        2.8111630968617580E-012
           7   29.296875000000000        2.7906350754022520E-012
           8   33.203125000000000        2.7625654260048910E-012
           9   37.109375000000000        2.7500269709284397E-012
          10   41.015625000000000        2.7299465402071086E-012
          11   44.921875000000000        2.7100110566224478E-012
          12   48.828125000000000        2.6902216499046508E-012
          13   52.734375000000000        2.6705765465784843E-012
          14   56.640625000000000        2.6510750767467660E-012
          15   60.546875000000000        2.6317160356110076E-012
          16   64.453125000000000        2.6124983591919483E-012
          17   68.359375000000000        2.5934102717199180E-012
          18   72.265625000000000        2.5816397574657547E-012
          19   76.171875000000000        2.5556834079438272E-012
          20   80.078125000000000        2.5370208380607619E-012
          21   83.984375000000000        2.5184957246843771E-012
          22   87.890625000000000        2.5001069909181593E-012
          23   91.796875000000000        2.4818503426227034E-012
          24   95.703125000000000        2.4637274998042880E-012
          25   99.609375000000000        2.4389452562142302E-012
          26   103.51562500000000        2.4278568609806226E-012
          27   107.42187500000000        2.4101472375739319E-012
          28   111.32812500000000        2.3925476556055508E-012
          29   115.23437500000000        2.3750766495327937E-012
          30   119.14062500000000        2.3577330947076650E-012
          31   123.04687500000000        2.3405158101544779E-012
          32   126.95312500000000        2.3234245447279636E-012
          33   130.85937500000000        2.3064583098347935E-012
          34   134.76562500000000        2.2896337425784802E-012
          35   138.67187500000000        2.2792148123284710E-012
          36   142.57812500000000        2.2562986168378070E-012
          37   146.48437500000000        2.2398225111009394E-012
          38   150.39062500000000        2.2234665928806609E-012
          39   154.29687500000000        2.2072300616249573E-012
          40   158.20312500000000        2.1911121704625274E-012
          41   162.10937500000000        2.1751119425526247E-012
          42   166.01562500000000        2.1532332227677901E-012
          43   169.92187500000000        2.1434831620372174E-012
          44   173.82812500000000        2.1278084001316105E-012
          45   177.73437500000000        2.1122710987031509E-012
          46   181.64062500000000        2.0968465544594485E-012
          47   185.54687500000000        2.0815341664835668E-012
          48   189.45312500000000        2.0663334586900498E-012
          49   193.35937500000000        2.0512450846177560E-012
          50   197.26562500000000        2.0362662073415866E-012
          51   201.17187500000000        2.0214235917262464E-012
          52   205.07812500000000        2.0122132409608459E-012
          53   208.98437500000000        1.9919831591053719E-012
          54   212.89062500000000        1.9774361981697489E-012
          55   216.79687500000000        1.9629970020596316E-012
          56   220.70312500000000        1.9486620969340844E-012
          57   224.60937500000000        1.9344326796506620E-012
          58   228.51562500000000        1.9203068637611117E-012
          59   232.42187500000000        1.9009908716455294E-012
          60   236.32812500000000        1.8923429778621601E-012
          61   240.23437500000000        1.8785449731993783E-012
          62   244.14062500000000        1.8648271686865369E-012
          63   248.04687500000000        1.8512098723091234E-012
          64   251.95312500000000        1.8376918769922482E-012
          65   255.85937500000000        1.8242719006986063E-012
          66   259.76562500000000        1.8109505691737873E-012
          67   263.67187500000000        1.7977262968250536E-012
          68   267.57812500000000        1.7845924811893999E-012
          69   271.48437500000000        1.7764919528549801E-012
          70   275.39062500000000        1.7586306811163360E-012
          71   279.29687500000000        1.7457880908662996E-012
          72   283.20312500000000        1.7330396987797506E-012
          73   287.10937500000000        1.7203845538504472E-012
          74   291.01562500000000        1.7078220293798877E-012
          75   294.92187500000000        1.6953511280397162E-012
          76   298.82812500000000        1.6782978228182495E-012
          77   302.73437500000000        1.6706458537512402E-012
          78   306.64062500000000        1.6584812614417734E-012
          79   310.54687500000000        1.6463706106256075E-012
          80   314.45312500000000        1.6343481229161191E-012
          81   318.35937500000000        1.6224136947105910E-012
          82   322.26562500000000        1.6105661745206709E-012
          83   326.17187500000000        1.5988051071720288E-012
          84   330.07812500000000        1.5871302117144240E-012
          85   333.98437500000000        1.5755660249982726E-012
          86   337.89062500000000        1.5683861947959804E-012
          87   341.79687500000000        1.5526199790606958E-012
          88   345.70312500000000        1.5412823700580448E-012
          89   349.60937500000000        1.5300269238865522E-012
          90   353.51562500000000        1.5188536123294330E-012
          91   357.42187500000000        1.5077632468971901E-012
          92   361.32812500000000        1.4967533677002656E-012
          93   365.23437500000000        1.4816974562186148E-012
          94   369.14062500000000        1.4749160126105914E-012
          95   373.04687500000000        1.4642018828551951E-012
          96   376.95312500000000        1.4535103038697118E-012
          97   380.85937500000000        1.4428965609652131E-012
          98   384.76562500000000        1.4323596029208720E-012
          99   388.67187500000000        1.4218999858667580E-012
         100   392.57812500000000        1.4115163753554021E-012
         101   396.48437500000000        1.4012100453243570E-012
         102   400.39062500000000        1.3910086664871250E-012
         103   404.29687500000000        1.3846581082217326E-012
         104   408.20312500000000        1.3707366867292502E-012
         105   412.10937500000000        1.3607271597428406E-012
         106   416.01562500000000        1.3507868405362984E-012
         107   419.92187500000000        1.3409183532706339E-012
         108   423.82812500000000        1.3311266051253479E-012
         109   427.73437500000000        1.3214063550840791E-012
         110   431.64062500000000        1.3081147238166435E-012
         111   435.54687500000000        1.3022133707871630E-012
         112   439.45312500000000        1.2926694121779590E-012
         113   443.35937500000000        1.2832300572143619E-012
         114   447.26562500000000        1.2738598160629148E-012
         115   451.17187500000000        1.2645573826517524E-012
         116   455.07812500000000        1.2553229580982602E-012
         117   458.98437500000000        1.2461566929096050E-012
         118   462.89062500000000        1.2370562989850985E-012
         119   466.79687500000000        1.2279978699315352E-012
         120   470.70312500000000        1.2224444636372267E-012
         121   474.60937500000000        1.2101535201641717E-012
         122   478.51562500000000        1.2013170582649583E-012
         123   482.42187500000000        1.1925444791141708E-012
         124   486.32812500000000        1.1838355520541498E-012
         125   490.23437500000000        1.1751915230174210E-012
         126   494.14062500000000        1.1666096958451738E-012
         127   498.04687500000000        1.1548755010932394E-012
         129   505.85937500000000        1.1412394106958526E-012
         130   509.76562500000000        1.1329051355728250E-012
         131   513.67187500000000        1.1246329731640612E-012
         132   517.57812500000000        1.1164203496011325E-012
         133   521.48437500000000        1.1082681960379457E-012
         134   525.39062500000000        1.1001757107048765E-012
         135   529.29687500000000        1.0921431603114243E-012
         136   533.20312500000000        1.0841930963686559E-012
         137   537.10937500000000        1.0792457190664600E-012
         138   541.01562500000000        1.0683954102624166E-012
         139   544.92187500000000        1.0605951549754496E-012
         140   548.82812500000000        1.0528517022737907E-012
         141   552.73437500000000        1.0451646887803058E-012
         142   556.64062500000000        1.0375332874732008E-012
         143   560.54687500000000        1.0299564995947520E-012
         144   564.45312500000000        1.0195965472430085E-012
         145   568.35937500000000        1.0150030346304892E-012
         146   572.26562500000000        1.0075572835695437E-012
         147   576.17187500000000        1.0001997808214964E-012
         148   580.07812500000000        9.9289644609512379E-013
         149   583.98437500000000        9.8564590883817766E-013
         150   587.89062500000000        9.7844790411463399E-013
         151   591.79687500000000        9.7130287833732577E-013
         152   595.70312500000000        9.6421012963357707E-013
         153   599.60937500000000        9.5715719761933818E-013
         154   603.51562500000000        9.5282105578255367E-013
         155   607.42187500000000        9.4324156575586894E-013
         156   611.32812500000000        9.3635297870041614E-013
         157   615.23437500000000        9.2951560275402853E-013
         158   619.14062500000000        9.2272759141135086E-013
         159   623.04687500000000        9.1599023089191354E-013
         160   626.95312500000000        9.0930104187734041E-013
         161   630.85937500000000        9.0015421583012692E-013
         162   634.76562500000000        8.9606277339441427E-013
         163   638.67187500000000        8.8952577346292205E-013
         164   642.57812500000000        8.8303037933981272E-013
         165   646.48437500000000        8.7658173637966391E-013
         166   650.39062500000000        8.7018086258372935E-013
         167   654.29687500000000        8.6382678415528725E-013
         168   658.20312500000000        8.5751846226136737E-013
         169   662.10937500000000        8.5125667593405316E-013
         170   666.01562500000000        8.4507485608146511E-013
         171   669.92187500000000        8.4120233148149225E-013
         172   673.82812500000000        8.3273933141151162E-013
         173   677.73437500000000        8.2665712551872665E-013
         174   681.64062500000000        8.2062027442861888E-013
         175   685.54687500000000        8.1462778795967298E-013
         176   689.45312500000000        8.0867902848136812E-013
         177   693.35937500000000        8.0277355135434654E-013
         178   697.26562500000000        7.9469882660811541E-013
         179   701.17187500000000        7.9115126405430452E-013
         180   705.07812500000000        7.8531596450693547E-013
         181   708.98437500000000        7.7958086850724036E-013
         182   712.89062500000000        7.7388826494766566E-013
         183   716.79687500000000        7.6823706634378622E-013
         184   720.70312500000000        7.6262733275553195E-013
         185   724.60937500000000        7.5705862878149820E-013
         186   728.51562500000000        7.5153029437126080E-013
         187   732.42187500000000        7.4607858142323151E-013
         188   736.32812500000000        7.4265328963707377E-013
         189   740.23437500000000        7.3518677599864608E-013
         190   744.14062500000000        7.2981759746454122E-013
         191   748.04687500000000        7.2448861424367359E-013
         192   751.95312500000000        7.1919848775928875E-013
         193   755.85937500000000        7.1394593896516656E-013
         194   759.76562500000000        7.0873252171677898E-013
         195   763.67187500000000        7.0160432576944865E-013
         196   767.57812500000000        6.9846066386204437E-013
         197   771.48437500000000        6.9331976960107049E-013
         198   775.39062500000000        6.8825716662188109E-013
         199   779.29687500000000        6.8323138996179058E-013
         200   783.20312500000000        6.7824207902299143E-013
         201   787.10937500000000        6.7328933425829723E-013
         202   791.01562500000000        6.6837287863499467E-013
         203   794.92187500000000        6.6349195260275808E-013
         204   798.82812500000000        6.5865466234630202E-013
         205   802.73437500000000        6.5565475638254646E-013
         206   806.64062500000000        6.4906276569568996E-013
         207   810.54687500000000        6.4432332121775959E-013
         208   814.45312500000000        6.3961823882832630E-013
         209   818.35937500000000        6.3494753398574137E-013
         210   822.26562500000000        6.3031100938426766E-013
         211   826.17187500000000        6.2570831035532828E-013
         212   830.07812500000000        6.1941437949824269E-013
         213   833.98437500000000        6.1662955036697871E-013
         214   837.89062500000000        6.1210077158570886E-013
         215   841.79687500000000        6.0763075756803934E-013
         216   845.70312500000000        6.0319372767508040E-013
         217   849.60937500000000        5.9878880279251190E-013
         218   853.51562500000000        5.9441658576956427E-013
         219   857.42187500000000        5.9007599033942221E-013
         220   861.32812500000000        5.8576727442361817E-013
         221   865.23437500000000        5.8153378027454667E-013
         222   869.14062500000000        5.7884792284035351E-013
         223   873.04687500000000        5.7302807687971153E-013
         224   876.95312500000000        5.6884330676568362E-013
         225   880.85937500000000        5.6468975333624271E-013
         226   884.76562500000000        5.6056615784748964E-013
         227   888.67187500000000        5.5647285167459522E-013
         228   892.57812500000000        5.5240921579529371E-013
         229   896.48437500000000        5.4685271865129085E-013
         230   900.39062500000000        5.4438629820462483E-013
         231   904.29687500000000        5.4039619984644958E-013
         232   908.20312500000000        5.3644982090855840E-013
         233   912.10937500000000        5.3253264431826143E-013
         234   916.01562500000000        5.2864380712103899E-013
         235   919.92187500000000        5.2478364373608656E-013
         236   923.82812500000000        5.2095127379176948E-013
         237   927.73437500000000        5.1714731878527790E-013
         238   931.64062500000000        5.1336913541795103E-013
         239   935.54687500000000        5.1103880219626664E-013
         240   939.45312500000000        5.0590066251290700E-013
         241   943.35937500000000        5.0220588650636604E-013
         242   947.26562500000000        4.9853906449290860E-013
         243   951.17187500000000        4.9489868580250814E-013
         244   955.07812500000000        4.9128477363592649E-013
         245   958.98437500000000        4.8769738028421325E-013
         246   962.89062500000000        4.8279166703715024E-013
         247   966.79687500000000        4.8060789271025104E-013
         248   970.70312500000000        4.7709100170915115E-013
         249   974.60937500000000        4.7360702054532538E-013
         250   978.51562500000000        4.7014848107486157E-013
         251   982.42187500000000        4.6671558305195150E-013
         252   986.32812500000000        4.6330746287356587E-013
         253   990.23437500000000        4.5992424072573897E-013
         254   994.14062500000000        4.5656564660348398E-013
         255   998.04687500000000        4.5324583098627815E-013
         129   505.85937500000000        1.1412394106958526E-012
         130   509.76562500000000        1.1329051355728250E-012
         131   513.67187500000000        1.1246329731640612E-012
         132   517.57812500000000        1.1164203496011325E-012
         133   521.48437500000000        1.1082681960379457E-012
         134   525.39062500000000        1.1001757107048765E-012
         135   529.29687500000000        1.0921431603114243E-012
         136   533.20312500000000        1.0841930963686559E-012
         137   537.10937500000000        1.0792457190664600E-012
         138   541.01562500000000        1.0683954102624166E-012
         139   544.92187500000000        1.0605951549754496E-012
         140   548.82812500000000        1.0528517022737907E-012
         141   552.73437500000000        1.0451646887803058E-012
         142   556.64062500000000        1.0375332874732008E-012
         143   560.54687500000000        1.0299564995947520E-012
         144   564.45312500000000        1.0195965472430085E-012
         145   568.35937500000000        1.0150030346304892E-012
         146   572.26562500000000        1.0075572835695437E-012
         147   576.17187500000000        1.0001997808214964E-012
         148   580.07812500000000        9.9289644609512379E-013
         149   583.98437500000000        9.8564590883817766E-013
         150   587.89062500000000        9.7844790411463399E-013
         151   591.79687500000000        9.7130287833732577E-013
         152   595.70312500000000        9.6421012963357707E-013
         153   599.60937500000000        9.5715719761933818E-013
         154   603.51562500000000        9.5282105578255367E-013
         155   607.42187500000000        9.4324156575586894E-013
         156   611.32812500000000        9.3635297870041614E-013
         157   615.23437500000000        9.2951560275402853E-013
         158   619.14062500000000        9.2272759141135086E-013
         159   623.04687500000000        9.1599023089191354E-013
         160   626.95312500000000        9.0930104187734041E-013
         161   630.85937500000000        9.0015421583012692E-013
         162   634.76562500000000        8.9606277339441427E-013
         163   638.67187500000000        8.8952577346292205E-013
         164   642.57812500000000        8.8303037933981272E-013
         165   646.48437500000000        8.7658173637966391E-013
         166   650.39062500000000        8.7018086258372935E-013
         167   654.29687500000000        8.6382678415528725E-013
         168   658.20312500000000        8.5751846226136737E-013
         169   662.10937500000000        8.5125667593405316E-013
         170   666.01562500000000        8.4507485608146511E-013
         171   669.92187500000000        8.4120233148149225E-013
         172   673.82812500000000        8.3273933141151162E-013
         173   677.73437500000000        8.2665712551872665E-013
         174   681.64062500000000        8.2062027442861888E-013
         175   685.54687500000000        8.1462778795967298E-013
         176   689.45312500000000        8.0867902848136812E-013
         177   693.35937500000000        8.0277355135434654E-013
         178   697.26562500000000        7.9469882660811541E-013
         179   701.17187500000000        7.9115126405430452E-013
         180   705.07812500000000        7.8531596450693547E-013
         181   708.98437500000000        7.7958086850724036E-013
         182   712.89062500000000        7.7388826494766566E-013
         183   716.79687500000000        7.6823706634378622E-013
          63   248.04687500000000        1.8512098723091234E-012
          64   251.95312500000000        1.8376918769922482E-012
         184   720.70312500000000        7.6262733275553195E-013
          65   255.85937500000000        1.8242719006986063E-012
         185   724.60937500000000        7.5705862878149820E-013
          66   259.76562500000000        1.8109505691737873E-012
         186   728.51562500000000        7.5153029437126080E-013
          67   263.67187500000000        1.7977262968250536E-012
         187   732.42187500000000        7.4607858142323151E-013
          68   267.57812500000000        1.7845924811893999E-012
         188   736.32812500000000        7.4265328963707377E-013
          69   271.48437500000000        1.7764919528549801E-012
         189   740.23437500000000        7.3518677599864608E-013
          70   275.39062500000000        1.7586306811163360E-012
         190   744.14062500000000        7.2981759746454122E-013
          71   279.29687500000000        1.7457880908662996E-012
         191   748.04687500000000        7.2448861424367359E-013
          72   283.20312500000000        1.7330396987797506E-012
         192   751.95312500000000        7.1919848775928875E-013
         193   755.85937500000000        7.1394593896516656E-013
          73   287.10937500000000        1.7203845538504472E-012
         194   759.76562500000000        7.0873252171677898E-013
          74   291.01562500000000        1.7078220293798877E-012
         195   763.67187500000000        7.0160432576944865E-013
          75   294.92187500000000        1.6953511280397162E-012
         196   767.57812500000000        6.9846066386204437E-013
          76   298.82812500000000        1.6782978228182495E-012
         197   771.48437500000000        6.9331976960107049E-013
          77   302.73437500000000        1.6706458537512402E-012
         198   775.39062500000000        6.8825716662188109E-013
          78   306.64062500000000        1.6584812614417734E-012
         199   779.29687500000000        6.8323138996179058E-013
          79   310.54687500000000        1.6463706106256075E-012
         200   783.20312500000000        6.7824207902299143E-013
          80   314.45312500000000        1.6343481229161191E-012
         201   787.10937500000000        6.7328933425829723E-013
          81   318.35937500000000        1.6224136947105910E-012
         202   791.01562500000000        6.6837287863499467E-013
          82   322.26562500000000        1.6105661745206709E-012
         203   794.92187500000000        6.6349195260275808E-013
          83   326.17187500000000        1.5988051071720288E-012
         204   798.82812500000000        6.5865466234630202E-013
          84   330.07812500000000        1.5871302117144240E-012
         205   802.73437500000000        6.5565475638254646E-013
         206   806.64062500000000        6.4906276569568996E-013
         207   810.54687500000000        6.4432332121775959E-013
         208   814.45312500000000        6.3961823882832630E-013
         209   818.35937500000000        6.3494753398574137E-013
          85   333.98437500000000        1.5755660249982726E-012
         210   822.26562500000000        6.3031100938426766E-013
          86   337.89062500000000        1.5683861947959804E-012
         211   826.17187500000000        6.2570831035532828E-013
          87   341.79687500000000        1.5526199790606958E-012
         212   830.07812500000000        6.1941437949824269E-013
          88   345.70312500000000        1.5412823700580448E-012
         213   833.98437500000000        6.1662955036697871E-013
          89   349.60937500000000        1.5300269238865522E-012
         214   837.89062500000000        6.1210077158570886E-013
          90   353.51562500000000        1.5188536123294330E-012
         215   841.79687500000000        6.0763075756803934E-013
          91   357.42187500000000        1.5077632468971901E-012
         216   845.70312500000000        6.0319372767508040E-013
          92   361.32812500000000        1.4967533677002656E-012
         217   849.60937500000000        5.9878880279251190E-013
          93   365.23437500000000        1.4816974562186148E-012
         218   853.51562500000000        5.9441658576956427E-013
          94   369.14062500000000        1.4749160126105914E-012
         219   857.42187500000000        5.9007599033942221E-013
          95   373.04687500000000        1.4642018828551951E-012
         220   861.32812500000000        5.8576727442361817E-013
          96   376.95312500000000        1.4535103038697118E-012
         221   865.23437500000000        5.8153378027454667E-013
          97   380.85937500000000        1.4428965609652131E-012
         222   869.14062500000000        5.7884792284035351E-013
          98   384.76562500000000        1.4323596029208720E-012
         223   873.04687500000000        5.7302807687971153E-013
          99   388.67187500000000        1.4218999858667580E-012
         224   876.95312500000000        5.6884330676568362E-013
         100   392.57812500000000        1.4115163753554021E-012
         225   880.85937500000000        5.6468975333624271E-013
         101   396.48437500000000        1.4012100453243570E-012
         226   884.76562500000000        5.6056615784748964E-013
         227   888.67187500000000        5.5647285167459522E-013
         228   892.57812500000000        5.5240921579529371E-013
         229   896.48437500000000        5.4685271865129085E-013
         230   900.39062500000000        5.4438629820462483E-013
         102   400.39062500000000        1.3910086664871250E-012
         231   904.29687500000000        5.4039619984644958E-013
         103   404.29687500000000        1.3846581082217326E-012
         232   908.20312500000000        5.3644982090855840E-013
         104   408.20312500000000        1.3707366867292502E-012
         233   912.10937500000000        5.3253264431826143E-013
         105   412.10937500000000        1.3607271597428406E-012
         234   916.01562500000000        5.2864380712103899E-013
         106   416.01562500000000        1.3507868405362984E-012
         235   919.92187500000000        5.2478364373608656E-013
         107   419.92187500000000        1.3409183532706339E-012
         236   923.82812500000000        5.2095127379176948E-013
         108   423.82812500000000        1.3311266051253479E-012
         237   927.73437500000000        5.1714731878527790E-013
         109   427.73437500000000        1.3214063550840791E-012
         238   931.64062500000000        5.1336913541795103E-013
         110   431.64062500000000        1.3081147238166435E-012
         239   935.54687500000000        5.1103880219626664E-013
         111   435.54687500000000        1.3022133707871630E-012
         240   939.45312500000000        5.0590066251290700E-013
         112   439.45312500000000        1.2926694121779590E-012
         113   443.35937500000000        1.2832300572143619E-012
         241   943.35937500000000        5.0220588650636604E-013
         114   447.26562500000000        1.2738598160629148E-012
         242   947.26562500000000        4.9853906449290860E-013
         115   451.17187500000000        1.2645573826517524E-012
         243   951.17187500000000        4.9489868580250814E-013
         116   455.07812500000000        1.2553229580982602E-012
         244   955.07812500000000        4.9128477363592649E-013
         117   458.98437500000000        1.2461566929096050E-012
         245   958.98437500000000        4.8769738028421325E-013
         118   462.89062500000000        1.2370562989850985E-012
         246   962.89062500000000        4.8279166703715024E-013
         119   466.79687500000000        1.2279978699315352E-012
         247   966.79687500000000        4.8060789271025104E-013
         120   470.70312500000000        1.2224444636372267E-012
         248   970.70312500000000        4.7709100170915115E-013
         121   474.60937500000000        1.2101535201641717E-012
         249   974.60937500000000        4.7360702054532538E-013
         122   478.51562500000000        1.2013170582649583E-012
         250   978.51562500000000        4.7014848107486157E-013
         123   482.42187500000000        1.1925444791141708E-012
         251   982.42187500000000        4.6671558305195150E-013
         124   486.32812500000000        1.1838355520541498E-012
         125   490.23437500000000        1.1751915230174210E-012
         126   494.14062500000000        1.1666096958451738E-012
         127   498.04687500000000        1.1548755010932394E-012