           1   11.718750000000000        1.1534962373123305E-010
           2   19.531250000000000        1.1367116597223604E-010
           3   27.343750000000000        1.1201468253233866E-010
           4   35.156250000000000        1.1038591600777913E-010
           5   42.968750000000000        1.0878071391186013E-010
           6   50.781250000000000        1.0719011880086071E-010
           7   58.593750000000000        1.0563023363508177E-010
           8   66.406250000000000        1.0409509525005861E-010
           9   74.218750000000000        1.0258223929321669E-010
          10   82.031250000000000        1.0109134359133934E-010
          11   89.843750000000000        9.9596570371682203E-011
          12   97.656250000000000        9.8135476405970508E-011
          13   105.46875000000000        9.6708401174845117E-011
          14   113.28125000000000        9.5310034281476184E-011
          15   121.09375000000000        9.3931814718126031E-011
          16   128.90625000000000        9.2573411668453811E-011
          17   136.71875000000000        9.1234519860091269E-011
          18   144.53125000000000        8.9914875260163249E-011
          19   152.34375000000000        8.8614216791939586E-011
          20   160.15625000000000        8.7332247307792053E-011
          21   167.96875000000000        8.6038071992477225E-011
          22   175.78125000000000        8.4663997382313362E-011
          23   183.59375000000000        8.3441163018028509E-011
          24   191.40625000000000        8.2235855773737465E-011
          25   199.21875000000000        8.1047848547201578E-011
          26   207.03125000000000        7.9876865491130145E-011
          27   214.84375000000000        7.8722683568195628E-011
          28   222.65625000000000        7.7585062884267804E-011
          29   230.46875000000000        7.6463774615090037E-011
          30   238.28125000000000        7.5358556005959893E-011
          31   246.09375000000000        7.4269250178752243E-011
          32   253.90625000000000        7.3195532582628951E-011
          33   261.71875000000000        7.2137274305104676E-011
          34   269.53125000000000        7.1094210455259889E-011
          35   277.34375000000000        7.0066138614243052E-011
          36   285.15625000000000        6.9052817940941109E-011
          37   292.96875000000000        6.8054073888121651E-011
          38   300.78125000000000        6.7069692184401110E-011
          39   308.59375000000000        6.6099459446086447E-011
          40   316.40625000000000        6.5143182404823054E-011
          41   324.21875000000000        6.4200642325787247E-011
          42   332.03125000000000        6.3271697185270694E-011
          43   339.84375000000000        6.2356139389050551E-011
          44   347.65625000000000        6.1453686664244178E-011
          45   355.46875000000000        6.0564193859050569E-011
          46   363.28125000000000        5.9687653326879792E-011
          65   511.71875000000000        4.5236438865326579E-011
          66   519.53125000000000        4.4580764567020436E-011
          67   527.34375000000000        4.3934600195604320E-011
          68   535.15625000000000        4.3253082380823396E-011
          69   542.96875000000000        4.2509339071882722E-011
          70   550.78125000000000        4.1895353774359164E-011
          71   558.59375000000000        4.1290217553702381E-011
          72   566.40625000000000        4.0693731140752852E-011
          73   574.21875000000000        4.0105784942576212E-011
          74   582.03125000000000        3.9526329482283945E-011
          75   589.84375000000000        3.8955157856408577E-011
          76   597.65625000000000        3.8392155213635206E-011
          77   605.46875000000000        3.7837265951333042E-011
          78   613.28125000000000        3.7290319925570455E-011
          79   621.09375000000000        3.6751244419415955E-011
          80   628.90625000000000        3.6219878411059236E-011
          81   636.71875000000000        3.5696195870754313E-011
          82   644.53125000000000        3.5180031729143942E-011
          83   652.34375000000000        3.4671253264635616E-011
          84   660.15625000000000        3.4169792063225220E-011
          85   667.96875000000000        3.3675538126673124E-011
          86   675.78125000000000        3.3798037481413688E-011
          87   683.59375000000000        3.3681919661462793E-011
          88   691.40625000000000        3.3162246880685998E-011
          89   699.21875000000000        3.2651095618759123E-011
          90   707.03125000000000        3.2148087448466387E-011
          91   714.84375000000000        3.1653286037251031E-011
          92   722.65625000000000        3.1166407343837378E-011
          93   730.46875000000000        3.0687425206554062E-011
          94   738.28125000000000        3.0216095927245893E-011
          95   746.09375000000000        2.9752402005153391E-011
          96   753.90625000000000        2.9296104182056318E-011
          97   761.71875000000000        2.8847128602822663E-011
          98   769.53125000000000        2.8405344360416250E-011
          99   777.34375000000000        2.7970624910232344E-011
         100   785.15625000000000        2.7542801493661697E-011
         101   792.96875000000000        2.7121940452865838E-011
         102   800.78125000000000        2.6707655085117093E-011
         103   808.59375000000000        2.6300017863824978E-011
         104   816.40625000000000        2.5898822735943096E-011
         105   824.21875000000000        2.5504006260609522E-011
         106   832.03125000000000        2.5115569609059064E-011
         107   839.84375000000000        2.4733085906332458E-011
         108   847.65625000000000        2.4356857328469022E-011
         109   855.46875000000000        2.3986443826817824E-011
         110   863.28125000000000        2.3621864789115992E-011
         111   871.09375000000000        2.3263185981966167E-011
         112   878.90625000000000        2.2909990672781595E-011
         113   886.71875000000000        2.2562509383484698E-011
         114   894.53125000000000        2.2220383460843849E-011
         115   902.34375000000000        2.1883648714235684E-011
         116   910.15625000000000        2.2326375563704921E-011
         117   917.96875000000000        2.2014085097823112E-011
         118   925.78125000000000        2.1693752611243045E-011
         119   933.59375000000000        2.1378070232628901E-011
         120   941.40625000000000        2.1059661080680516E-011
         121   949.21875000000000        2.0731226374135354E-011
         122   957.03125000000000        2.0407764562024622E-011
         123   964.84375000000000        2.0089638300869412E-011
         124   972.65625000000000        1.9776750727581766E-011
         125   980.46875000000000        1.9469042692156911E-011
         126   988.28125000000000        1.9166344912519240E-011
         127   996.09375000000000        1.8868633872916554E-011
          65   511.71875000000000        4.5236438865326579E-011
          66   519.53125000000000        4.4580764567020436E-011
          67   527.34375000000000        4.3934600195604320E-011
          68   535.15625000000000        4.3253082380823396E-011
          69   542.96875000000000        4.2509339071882722E-011
          70   550.78125000000000        4.1895353774359164E-011
          71   558.59375000000000        4.1290217553702381E-011
          72   566.40625000000000        4.0693731140752852E-011
          73   574.21875000000000        4.0105784942576212E-011
          74   582.03125000000000        3.9526329482283945E-011
          75   589.84375000000000        3.8955157856408577E-011
          76   597.65625000000000        3.8392155213635206E-011
          77   605.46875000000000        3.7837265951333042E-011
          78   613.28125000000000        3.7290319925570455E-011
          79   621.09375000000000        3.6751244419415955E-011
          80   628.90625000000000        3.6219878411059236E-011
          81   636.71875000000000        3.5696195870754313E-011
          82   644.53125000000000        3.5180031729143942E-011
          83   652.34375000000000        3.4671253264635616E-011
          84   660.15625000000000        3.4169792063225220E-011
          85   667.96875000000000        3.3675538126673124E-011
          86   675.78125000000000        3.3798037481413688E-011
          87   683.59375000000000        3.3681919661462793E-011
          88   691.40625000000000        3.3162246880685998E-011
          89   699.21875000000000        3.2651095618759123E-011
          90   707.03125000000000        3.2148087448466387E-011
          91   714.84375000000000        3.1653286037251031E-011
          92   722.65625000000000        3.1166407343837378E-011
          93   730.46875000000000        3.0687425206554062E-011
          94   738.28125000000000        3.0216095927245893E-011
          95   746.09375000000000        2.9752402005153391E-011
          96   753.90625000000000        2.9296104182056318E-011
          97   761.71875000000000        2.8847128602822663E-011
          98   769.53125000000000        2.8405344360416250E-011
          99   777.34375000000000        2.7970624910232344E-011
         100   785.15625000000000        2.7542801493661697E-011
         101   792.96875000000000        2.7121940452865838E-011
         102   800.78125000000000        2.6707655085117093E-011
         103   808.59375000000000        2.6300017863824978E-011
         104   816.40625000000000        2.5898822735943096E-011
         105   824.21875000000000        2.5504006260609522E-011
         106   832.03125000000000        2.5115569609059064E-011
         107   839.84375000000000        2.4733085906332458E-011
         108   847.65625000000000        2.4356857328469022E-011
         109   855.46875000000000        2.3986443826817824E-011
         110   863.28125000000000        2.3621864789115992E-011
         111   871.09375000000000        2.3263185981966167E-011
         112   878.90625000000000        2.2909990672781595E-011
         113   886.71875000000000        2.2562509383484698E-011
         114   894.53125000000000        2.2220383460843849E-011
         115   902.34375000000000        2.1883648714235684E-011
         116   910.15625000000000        2.2326375563704921E-011
         117   917.96875000000000        2.2014085097823112E-011
         118   925.78125000000000        2.1693752611243045E-011
         119   933.59375000000000        2.1378070232628901E-011
         120   941.40625000000000        2.1059661080680516E-011
         121   949.21875000000000        2.0731226374135354E-011
         122   957.03125000000000        2.0407764562024622E-011
         123   964.84375000000000        2.0089638300869412E-011
         124   972.65625000000000        1.9776750727581766E-011
         125   980.46875000000000        1.9469042692156911E-011
         126   988.28125000000000        1.9166344912519240E-011
         127   996.09375000000000        1.8868633872916554E-011
          47   371.09375000000000        5.8823602659316930E-011
          48   378.90625000000000        5.7972014687356684E-011
          49   386.71875000000000        5.7132743233441149E-011
          50   394.53125000000000        5.6305535506516447E-011
          51   402.34375000000000        5.5490233691639010E-011
          52   410.15625000000000        5.4686639123160291E-011
          53   417.96875000000000        5.3894753108475643E-011
          54   425.78125000000000        5.3114145436163025E-011
          55   433.59375000000000        5.2344868673934175E-011
          56   441.40625000000000        5.1586614215922674E-011
          57   449.21875000000000        5.0839411582497283E-011
          58   457.03125000000000        5.0102824852386863E-011
          59   464.84375000000000        4.9377020288418079E-011
          60   472.65625000000000        4.8661596318623387E-011
          61   480.46875000000000        4.7956466826433588E-011
          62   488.28125000000000        4.7261597899614090E-011
          63   496.09375000000000        4.6576681155491653E-011
